Number of nodes 573 
     1 : -2.3098033e+06  9.5181300e+04  0.0000000e+00 
     2 :  6.2016511e+06  3.7706010e+06  0.0000000e+00 
     3 :  1.7180308e+06 -1.0778453e+07  0.0000000e+00 
     4 :  1.1912761e+07 -3.5869604e+07  0.0000000e+00 
     5 : -1.1584049e+08  5.6174155e+06  1.4282884e+02 
     6 : -2.2037560e+07  1.4104818e+07  0.0000000e+00 
     7 :  2.4050744e+06 -2.3615042e+06  0.0000000e+00 
     8 : -1.2958769e+07  7.6779864e+06  0.0000000e+00 
     9 : -5.8742765e+06  1.2173349e+07  0.0000000e+00 
    10 :  1.3852198e+07  1.4427043e+07  0.0000000e+00 
    11 :  1.2286060e+06 -2.8856566e+06  0.0000000e+00 
    12 : -3.5431580e+06  1.3578502e+07  0.0000000e+00 
    13 : -4.8920310e+06  4.6985560e+06  0.0000000e+00 
    14 : -8.0336841e+05 -2.2227665e+06  0.0000000e+00 
    15 :  4.3893097e+06  5.4590793e+04  0.0000000e+00 
    16 :  1.7378555e+05 -7.5914142e+05  0.0000000e+00 
    17 : -6.9520832e+06  1.1963208e+07  0.0000000e+00 
    18 : -3.0679926e+07  5.1707089e+06  0.0000000e+00 
    19 : -5.9443747e+06  1.3364589e+07  0.0000000e+00 
    20 : -2.7523655e+07  1.8117747e+06  0.0000000e+00 
    21 :  2.9627541e+06 -4.0437554e+06  0.0000000e+00 
    22 :  2.1700246e+06 -8.5332411e+06  0.0000000e+00 
    23 : -5.4771552e+06  8.3261955e+06  0.0000000e+00 
    24 :  2.7543999e+06 -7.6372898e+05  0.0000000e+00 
    25 : -6.5590654e+06  9.2668919e+06  0.0000000e+00 
    26 :  4.2376119e+06 -4.9336986e+05  0.0000000e+00 
    27 : -4.5045538e+06  3.3395370e+06  0.0000000e+00 
    28 :  3.0971492e+06 -8.6778554e+06  0.0000000e+00 
    29 : -4.0082918e+06  3.0043966e+06  2.6368823e+01 
    30 : -8.8828018e+05 -1.5830286e+06  0.0000000e+00 
    31 :  1.9135664e+06  1.1278412e+07  0.0000000e+00 
    32 : -2.4414157e+07  1.6391737e+07  0.0000000e+00 
    33 :  2.2932176e+04 -1.6717531e+06  0.0000000e+00 
    34 :  8.3597232e+05  1.4572020e+06  0.0000000e+00 
    35 : -5.4302513e+05 -1.5595545e+06  0.0000000e+00 
    36 : -4.7053841e+06  5.4001779e+06  0.0000000e+00 
    37 : -4.3860714e+06  7.3391174e+06  0.0000000e+00 
    38 :  1.1922875e+06  1.7759781e+06  0.0000000e+00 
    39 :  5.9204566e+06  9.8309720e+05  0.0000000e+00 
    40 : -4.7215988e+06  5.0301774e+06  0.0000000e+00 
    41 : -4.4732334e+06  2.8299664e+06  2.7086481e+01 
    42 : -4.4606447e+06  2.5382017e+06  0.0000000e+00 
    43 : -1.5243542e+06  1.2787389e+06  0.0000000e+00 
    44 :  5.2349658e+05  1.9708835e+06  0.0000000e+00 
    45 :  1.9506340e+06  1.6344243e+06  0.0000000e+00 
    46 :  3.0475789e+06  9.4795724e+05  0.0000000e+00 
    47 :  4.2115235e+06  4.3313375e+05  0.0000000e+00 
    48 :  5.5947913e+06  3.0784024e+05  0.0000000e+00 
    49 :  5.3432481e+06  2.4158160e+06  2.0193102e+02 
    50 :  5.1163678e+06  2.8829351e+06  0.0000000e+00 
    51 :  6.3686727e+06  4.6949013e+06  0.0000000e+00 
    52 :  4.5326554e+06  7.4787699e+06  0.0000000e+00 
    53 :  4.0126799e+06  7.0020682e+06  1.0986628e+01 
    54 :  1.4992084e+06  9.4742208e+06  0.0000000e+00 
    55 : -1.5451837e+06  1.0187483e+07  0.0000000e+00 
    56 : -1.9835547e+06  1.0885681e+07  2.3479028e+00 
    57 : -3.0589671e+06  1.0282019e+07  2.3056616e-01 
    58 : -2.9556754e+06  9.0975235e+06  0.0000000e+00 
    59 : -2.7593873e+06  8.2084326e+06  0.0000000e+00 
    60 : -3.5928117e+06  7.6700197e+06  0.0000000e+00 
    61 : -3.9380173e+06  6.9379633e+06  0.0000000e+00 
    62 : -3.8515981e+06  6.3153839e+06  0.0000000e+00 
    63 : -3.4993034e+06  5.9088740e+06  0.0000000e+00 
    64 : -3.3532733e+06  5.4648994e+06  1.7653621e+01 
    65 : -2.8983107e+06  5.4336363e+06  1.1481598e+01 
    66 : -3.1336456e+06  5.0668333e+06  0.0000000e+00 
    67 : -3.5175750e+06  4.9520248e+06  0.0000000e+00 
    68 : -3.8666911e+06  5.1752416e+06  0.0000000e+00 
    69 : -4.1443215e+06  5.1432641e+06  0.0000000e+00 
    70 : -3.8628597e+06  4.8282939e+06  3.5963411e+02 
    71 : -3.6948075e+06  4.5266808e+06  0.0000000e+00 
    72 : -3.6731870e+06  4.2159404e+06  0.0000000e+00 
    73 : -3.8489025e+06  3.9473773e+06  0.0000000e+00 
    74 : -3.8623514e+06  3.7935697e+06  0.0000000e+00 
    75 : -3.8321805e+06  3.5548017e+06  0.0000000e+00 
    76 : -3.7109258e+06  3.1608962e+06  0.0000000e+00 
    77 : -3.4595898e+06  2.8314896e+06  0.0000000e+00 
    78 : -3.1053110e+06  2.7679696e+06  0.0000000e+00 
    79 : -2.8378968e+06  2.4840045e+06  0.0000000e+00 
    80 : -2.9099977e+06  1.9293815e+06  0.0000000e+00 
    81 : -3.0715003e+06  1.4439128e+06  2.0910678e+01 
    82 : -3.0986970e+06  9.0110513e+05  0.0000000e+00 
    83 : -3.4566304e+06  1.4785464e+06  0.0000000e+00 
    84 : -3.9689856e+06  1.7437732e+06  1.5298820e+01 
    85 : -3.9868398e+06  1.5051283e+06  5.9058470e+01 
    86 : -3.8611313e+06  1.3481064e+06  9.0254250e+01 
    87 : -3.7107226e+06  1.1853749e+06  1.2165292e+02 
    88 : -3.4170117e+06  1.0838932e+06  1.5579444e+01 
    89 : -3.2789953e+06  4.7478625e+05  0.0000000e+00 
    90 : -2.7838937e+06  2.0589554e+04  0.0000000e+00 
    91 :  6.7067973e+06 -7.8112282e+05  0.0000000e+00 
    92 :  1.1658493e+07 -1.4097137e+06  0.0000000e+00 
    93 :  1.6198417e+07  3.5097629e+06  9.6609002e+00 
    94 :  1.7156747e+07  1.1189153e+07  2.5209677e+02 
    95 :  7.9227824e+06  8.7404605e+06  0.0000000e+00 
    96 : -1.0170842e+06 -7.7940845e+06  0.0000000e+00 
    97 :  1.5431800e+06 -5.8303302e+06  0.0000000e+00 
    98 :  2.0198317e+06 -3.5010238e+06  0.0000000e+00 
    99 : -2.2212807e+04 -3.7555371e+06  6.6653222e-01 
   100 : -1.1832765e+06 -1.9468998e+06  1.3463627e+01 
   101 : -3.2424791e+06 -9.3086722e+05  0.0000000e+00 
   102 : -2.9720481e+06 -1.7076018e+06  0.0000000e+00 
   103 : -2.5924541e+06 -3.9709819e+06  0.0000000e+00 
   104 : -3.3349523e+06 -4.9745608e+06  8.7593566e+01 
   105 : -3.2150825e+06 -6.0129748e+06  1.3659516e+01 
   106 : -2.8605634e+06 -7.5717764e+06  2.9508741e+02 
   107 : -2.3180233e+06 -8.7226595e+06  0.0000000e+00 
   108 :  1.4110017e+07 -1.8083023e+07  0.0000000e+00 
   109 :  1.0164381e+07 -8.7507745e+06  0.0000000e+00 
   110 :  3.6846990e+06 -9.7308058e+06  2.9976288e+01 
   111 :  2.1847260e+06 -1.3079829e+07  0.0000000e+00 
   112 :  3.3743361e+06 -1.5175777e+07  0.0000000e+00 
   113 :  4.9107366e+06 -1.6301524e+07  0.0000000e+00 
   114 :  6.4424001e+06 -1.7987879e+07  0.0000000e+00 
   115 :  6.8033614e+06 -1.9684847e+07  3.2499150e+02 
   116 :  7.2543026e+06 -2.1724338e+07  0.0000000e+00 
   117 :  8.6609001e+06 -2.7505132e+07  0.0000000e+00 
   118 : -7.5930248e+07  1.4702884e+07  0.0000000e+00 
   119 : -4.3497937e+07  4.1009043e+07  3.3374645e+02 
   120 :  2.2281785e+07  6.3093033e+07  7.0723099e+02 
   121 :  7.4387422e+07 -1.2034982e+07  4.0519036e+02 
   122 :  3.4725591e+07 -6.0267702e+07  4.0117904e+02 
   123 :  1.9959387e+07 -7.2386777e+07  0.0000000e+00 
   124 : -1.7669511e+07 -8.0546372e+07  0.0000000e+00 
   125 : -6.6117998e+07 -6.6520710e+07  6.7682885e+01 
   126 : -2.1283726e+07  1.1912204e+07  1.3896642e+01 
   127 : -2.0120253e+07  1.0250293e+07  3.8581241e+00 
   128 : -1.9000858e+07  9.5105027e+06  0.0000000e+00 
   129 : -1.6498990e+07  9.4781186e+06  0.0000000e+00 
   130 : -1.3059389e+07  9.6107740e+06  2.1436769e+00 
   131 : -1.2974457e+07  1.1357196e+07  0.0000000e+00 
   132 : -1.0435123e+07  1.1605896e+07  9.9016623e+00 
   133 : -9.3267271e+06  1.4428791e+07  0.0000000e+00 
   134 : -1.1970549e+07  2.0914504e+07  6.2513343e+01 
   135 :  7.0889943e+05 -4.6110159e+05  0.0000000e+00 
   136 : -1.2029315e+07  7.6542664e+06  0.0000000e+00 
   137 : -1.0926633e+07  8.0175629e+06  1.3972155e+02 
   138 : -1.0200026e+07  8.4928719e+06  2.8614059e+02 
   139 : -9.5562535e+06  9.4516744e+06  2.4789869e+02 
   140 : -8.7105418e+06  9.4666596e+06  0.0000000e+00 
   141 : -9.3878775e+06  9.8065072e+06  0.0000000e+00 
   142 : -1.1816768e+07  9.2120464e+06  1.8235522e+00 
   143 : -5.6082889e+06  1.0732225e+07  0.0000000e+00 
   144 : -4.8064042e+06  1.0823607e+07  0.0000000e+00 
   145 :  1.1494143e+07  1.2186692e+07  0.0000000e+00 
   146 :  2.5523828e+05 -1.9476871e+06  0.0000000e+00 
   147 : -1.7613816e+06  1.1747668e+07  8.0154702e-01 
   148 : -4.9702184e+06  4.3770869e+06  5.4703454e+02 
   149 : -5.0124594e+06  4.2571054e+06  1.0618327e+00 
   150 : -5.0706032e+06  4.2637648e+06  0.0000000e+00 
   151 : -5.0608318e+06  4.1309925e+06  1.1955529e+01 
   152 : -4.9519052e+06  4.0492695e+06  0.0000000e+00 
   153 : -4.8680697e+06  3.9416035e+06  0.0000000e+00 
   154 : -4.8092350e+06  3.8377397e+06  0.0000000e+00 
   155 : -4.7537956e+06  3.7146472e+06  2.4488337e+01 
   156 : -4.6342275e+06  3.6534419e+06  0.0000000e+00 
   157 : -4.5116456e+06  3.5996258e+06  6.1294709e+01 
   158 : -4.5132355e+06  3.6792482e+06  0.0000000e+00 
   159 : -4.5493366e+06  3.8248257e+06  6.0909671e+00 
   160 : -4.6917471e+06  4.0162001e+06  0.0000000e+00 
   161 : -4.6558711e+06  4.3318981e+06  0.0000000e+00 
   162 : -4.6693155e+06  4.6107867e+06  0.0000000e+00 
   163 : -4.4402652e+06  4.9939717e+06  0.0000000e+00 
   164 : -4.6241049e+06  4.8648855e+06  0.0000000e+00 
   165 : -5.8707988e+05 -1.8581706e+06  0.0000000e+00 
   166 :  3.8921281e+06 -3.9754329e+05  4.9078447e+01 
   167 :  2.1465295e+05 -1.4880841e+06  0.0000000e+00 
   168 : -6.7327817e+06  1.0924144e+07  5.3841364e+00 
   169 : -6.5965108e+06  1.0642536e+07  0.0000000e+00 
   170 : -2.9515063e+07  6.0140437e+06  0.0000000e+00 
   171 : -3.9825992e+06  1.3716156e+07  0.0000000e+00 
   172 : -2.4878734e+07  2.2719379e+06  8.4967424e+01 
   173 :  2.4990596e+06 -3.8622375e+06  0.0000000e+00 
   174 :  1.0684516e+06 -8.4855169e+06  1.4939379e+00 
   175 : -5.0775052e+06  8.1957946e+06  8.7098082e+02 
   176 : -5.0584721e+06  7.9832843e+06  0.0000000e+00 
   177 : -4.8589236e+06  7.8335878e+06  0.0000000e+00 
   178 : -4.8053603e+06  8.3169515e+06  0.0000000e+00 
   179 :  2.5122111e+06 -1.0014435e+06  0.0000000e+00 
   180 : -6.6808934e+06  9.0287796e+06  0.0000000e+00 
   181 : -6.5068265e+06  8.8410535e+06  0.0000000e+00 
   182 : -6.2589460e+06  8.8846377e+06  6.9406408e+02 
   183 : -6.1208560e+06  9.3552282e+06  0.0000000e+00 
   184 :  4.0836164e+06 -6.4797324e+05  0.0000000e+00 
   185 : -4.3976694e+06  3.1519265e+06  1.8492971e+01 
   186 : -4.1972932e+06  3.3132622e+06  0.0000000e+00 
   187 : -4.2735933e+06  3.5288737e+06  8.6390526e+01 
   188 : -4.3321790e+06  3.6373497e+06  0.0000000e+00 
   189 : -4.4266770e+06  3.5767405e+06  0.0000000e+00 
   190 :  2.7437503e+06 -8.5051136e+06  9.4294219e+02 
   191 : -3.6149179e+06  2.6769017e+06  0.0000000e+00 
   192 : -3.5287002e+06  2.7468230e+06  0.0000000e+00 
   193 : -1.1348311e+06 -1.6023842e+06  1.3638450e-01 
   194 :  1.7357560e+06  1.0716785e+07  0.0000000e+00 
   195 : -2.3516642e+07  1.5186899e+07  0.0000000e+00 
   196 :  1.4945655e+05 -1.5952199e+06  8.9623345e+00 
   197 :  6.7187366e+05  1.3789723e+06  0.0000000e+00 
   198 : -5.6800253e+05 -1.4261851e+06  2.5747144e+02 
   199 : -4.4164979e+06  5.2584910e+06  0.0000000e+00 
   200 : -4.3639643e+06  7.1315287e+06  0.0000000e+00 
   201 : -4.2802234e+06  6.9304202e+06  0.0000000e+00 
   202 :  1.1854737e+06  1.5572806e+06  0.0000000e+00 
   203 :  5.7477688e+06  8.9145375e+05  0.0000000e+00 
   204 : -4.6639942e+06  4.9072657e+06  0.0000000e+00 
   205 : -4.4332700e+06  2.7661156e+06  3.6769422e+02 
   206 : -4.4664444e+06  2.6225173e+06  8.5869928e+01 
   207 : -5.1457907e+06  4.1751110e+06  1.6606596e+03 
   208 : -4.6211366e+06  3.1302040e+06  2.5176672e+03 
   209 : -1.2448094e+07  6.6367320e+06  5.2185444e+03 
   210 : -2.0569173e+07  8.7470409e+06  3.8690504e+03 
   211 : -5.1866991e+06  7.7233245e+06  4.8158257e+03 
   212 : -5.1604056e+06  4.0690333e+06  2.4563665e+03 
   213 : -5.2563399e+06  4.1482655e+06  6.3379416e+03 
   214 : -5.2988510e+06  4.0074172e+06  5.7067055e+03 
   215 : -5.4439591e+06  4.1393383e+06  5.6645397e+03 
   216 : -5.4794335e+06  3.9536870e+06  4.0923170e+03 
   217 : -5.7496289e+06  3.7744060e+06  5.8144585e+03 
   218 : -3.8199625e+06 -8.6775800e+06  3.6300116e+03 
   219 : -4.6798761e+06  5.1209699e+06  7.4710361e+01 
   220 : -6.7977904e+06  8.7591964e+06  5.2557808e+03 
   221 : -3.9624961e+06  1.0880199e+06  4.5917173e+03 
   222 :  3.8630700e+06 -2.4845363e+07  3.9334479e+03 
   223 : -5.7088311e+06  4.4260365e+06  8.9112473e+03 
   224 : -2.3746855e+07  1.1486471e+07  4.5849681e+03 
   225 : -3.7085109e+06 -1.4651461e+06  1.9545998e+02 
   226 : -4.5206582e+06  7.0111394e+06  3.2330907e+03 
   227 : -1.0056117e+07  7.6938482e+06  2.9998135e+03 
   228 : -2.4219315e+07  6.3390012e+06  9.7751014e+02 
   229 : -5.3208046e+06  3.8008974e+06  5.3597587e+03 
   230 : -3.0202427e+07 -5.0498388e+07  4.8374915e+03 
   231 : -4.2928152e+06 -5.3552065e+06  4.5080571e+03 
   232 :  1.0673392e+06 -1.5006609e+07  4.4336268e+03 
   233 : -6.5003950e+06  4.0588397e+06  5.7296809e+03 
   234 : -6.3909714e+06  3.1160033e+06  5.5780263e+03 
   235 : -3.9844509e+06  2.6309498e+06  8.7055977e+02 
   236 : -4.7406640e+06  3.5737240e+06  1.3250059e+03 
   237 : -7.0779022e+06  1.0530788e+07  1.4356405e+03 
   238 : -6.3736229e+06  8.5704435e+06  8.4408586e+03 
   239 : -6.9588044e+06  9.2141349e+06  4.7278059e+03 
   240 : -4.5526442e+06  1.2089190e+07  0.0000000e+00 
   241 : -2.0418018e+07  4.4773964e+06  1.1419254e+03 
   242 : -6.7117424e+06  9.7394156e+06  4.7366804e+03 
   243 :  8.1448127e+06  1.4942912e+07  2.6522012e+03 
   244 : -6.9861591e+06  7.8262870e+06  5.9555537e+03 
   245 : -3.4626222e+06  2.6328100e+06  0.0000000e+00 
   246 : -7.3596227e+06  3.5534057e+06  5.3494621e+03 
   247 : -7.2878877e+06  2.5189080e+06  5.9881751e+03 
   248 : -8.5707294e+06  2.8670879e+06  5.0192216e+03 
   249 : -4.0230467e+06  3.8633094e+06  3.6171202e+03 
   250 : -3.8783580e+06 -7.6148593e+05  1.4353145e+03 
   251 : -4.5851121e+06 -1.2874089e+06  5.0817545e+03 
   252 : -5.1355079e+06  8.6424457e+06  1.1353676e+01 
   253 : -4.5845768e+06  1.4206070e+07  2.2828075e+03 
   254 : -3.9781837e+06 -3.8578628e+06  4.0562643e+03 
   255 :  4.6974385e+06 -1.8934048e+07  4.4115656e+03 
   256 : -5.0039342e+06  3.9262319e+06  1.2321232e+03 
   257 : -4.8483725e+06  3.6414209e+06  1.9977622e+03 
   258 : -4.8654591e+06  3.4891786e+06  7.1029488e+03 
   259 : -1.3997717e+07  6.1728151e+06  3.9549266e+03 
   260 : -1.2843006e+07  5.1310013e+06  1.6972327e+03 
   261 : -1.4033638e+07  4.1084817e+06  3.6248038e+03 
   262 : -1.2491209e+07  2.5778478e+06  4.2386785e+03 
   263 : -1.5278821e+07  1.4202470e+06  4.8095232e+03 
   264 : -1.2184984e+07  5.0474055e+04  5.4664673e+03 
   265 : -1.4347202e+07 -2.3046014e+06  4.9134005e+03 
   266 : -6.1292498e+06  1.9533716e+06  4.7636841e+03 
   267 : -7.2097979e+06  1.6302929e+06  5.9288581e+03 
   268 : -1.1522822e+07 -3.6528145e+06  5.0070494e+03 
   269 : -1.3464985e+07 -6.0419164e+06  5.4832935e+03 
   270 : -1.5010405e+07 -9.1764549e+06  3.4715656e+03 
   271 : -3.6673926e+06  2.4380290e+06  1.4243651e+03 
   272 :  4.5278140e+06 -5.0493627e+06  5.0139934e+03 
   273 : -1.7645720e+07  7.9667420e+06  9.0866470e+02 
   274 : -1.0268578e+07 -5.6300878e+06  5.0655828e+03 
   275 : -1.0930895e+07 -7.8392873e+06  4.5925692e+03 
   276 : -4.7037824e+07 -2.7271210e+07  3.4391572e+03 
   277 : -2.6507089e+07 -2.9018284e+07  3.2230599e+03 
   278 : -3.2812182e+07 -1.8574055e+07  4.3501785e+03 
   279 : -3.2213270e+06 -1.0345426e+07  3.5641912e+03 
   280 : -5.9077515e+06  8.7223919e+06  3.6723321e+02 
   281 : -5.1364409e+06  1.0100049e+07  0.0000000e+00 
   282 : -7.5590943e+06  4.7675675e+06  5.3978915e+03 
   283 : -4.4616673e+06  4.0149739e+06  2.4123369e+03 
   284 : -4.3230864e+06  4.3329315e+06  3.0076502e+03 
   285 : -4.0455514e+06  5.4021836e+06  1.2380293e+01 
   286 : -9.2511759e+06  8.0431721e+06  4.3125022e+03 
   287 : -9.3139554e+06  6.9243237e+06  3.1580582e+03 
   288 :  1.9741147e+06  3.6689369e+05  2.2111291e+03 
   289 : -2.4338786e+06 -5.8313410e+07  4.8035797e+03 
   290 : -6.3650979e+06  5.1553729e+06  1.8720257e+03 
   291 : -8.4592829e+06 -3.2919248e+06  4.0529253e+03 
   292 :  2.9317457e+07 -2.1551052e+07  4.7214938e+03 
   293 : -4.4302893e+06  6.5830441e+06  1.8945396e+02 
   294 : -5.0310419e+06  6.5930367e+06  6.1556792e+03 
   295 : -1.1217981e+07  6.9233053e+06  7.4762420e+02 
   296 :  4.0409215e+06 -1.2339859e+06  2.8153471e+03 
   297 : -3.4669667e+07  1.0488715e+07  3.8781944e+03 
   298 : -3.0337018e+07  2.3557936e+06  8.0150766e+02 
   299 : -1.0572611e+07  3.6518796e+06  4.8284727e+03 
   300 : -5.3530355e+06 -1.0188488e+07  4.1979976e+03 
   301 : -4.3656382e+06 -1.2158682e+07  3.8728239e+03 
   302 :  8.2062181e+05  1.2384578e+07  4.4590018e+03 
   303 : -2.1509950e+07  2.5457163e+07  4.0451844e+03 
   304 : -4.4402286e+06  3.7895549e+06  1.6049113e+03 
   305 :  1.2488184e+06 -2.0750650e+07  3.6028244e+03 
   306 : -1.7789205e+06 -2.5157115e+07  3.3666110e+03 
   307 : -3.3659710e+06 -2.0630683e+07  3.4387069e+03 
   308 : -6.8311101e+06 -2.3587681e+07  3.3550051e+03 
   309 : -6.6644950e+06 -1.9472171e+07  3.3014257e+03 
   310 : -9.5121527e+06 -2.1337116e+07  2.9429131e+03 
   311 : -9.1102749e+06 -1.7560273e+07  2.8228562e+03 
   312 : -1.2649107e+07 -1.9226008e+07  3.5376578e+03 
   313 : -1.1751357e+07 -1.4490445e+07  4.0925280e+03 
   314 : -6.1386768e+06 -2.9946298e+07  3.8637162e+03 
   315 : -4.1106032e+06 -1.7483783e+07  4.0205951e+03 
   316 : -6.0797761e+05  6.2196324e+04  3.0731128e+03 
   317 : -5.0634860e+06 -2.2348443e+05  5.6925185e+03 
   318 : -5.9471509e+06 -1.0784402e+06  5.6407837e+03 
   319 :  2.5454623e+07  3.0590616e+06  4.8501039e+03 
   320 : -3.4578344e+06  1.8356765e+06  4.3920458e+02 
   321 : -5.5012602e+06 -2.5328340e+06  5.6455455e+03 
   322 : -3.9918901e+06  2.2266279e+06  1.2783265e+03 
   323 : -4.3153710e+06  2.6120206e+06  3.4244479e+03 
   324 : -4.4020920e+06  2.2039474e+06  1.9576845e+03 
   325 : -1.6267869e+07 -1.5109970e+07  4.0523787e+03 
   326 : -1.6674569e+07  5.1677113e+06  2.2381680e+03 
   327 : -4.6399222e+07  1.6090256e+07  2.9410274e+03 
   328 : -5.3796593e+07 -7.2129203e+05  3.7060728e+03 
   329 : -4.5150196e+06  8.0188449e+06  3.9541906e+03 
   330 : -1.4765912e+07  7.9548250e+06  2.0226582e+03 
   331 : -5.5356232e+06  3.2366681e+06  6.0294355e+03 
   332 :  1.8022848e+07 -5.3482818e+07  3.5920045e+03 
   333 :  3.2282794e+07 -4.0956048e+07  3.0219936e+03 
   334 : -4.3778036e+06  8.5698036e+06  4.1854691e+03 
   335 : -1.0038246e+05 -1.2700637e+07  1.1909133e+03 
   336 : -4.8766201e+06  7.3782487e+06  5.5031537e+03 
   337 : -1.8848691e+07 -2.0543238e+07  5.0358549e+03 
   338 : -2.1764721e+07 -1.4390978e+07  5.2718569e+03 
   339 : -1.8699298e+07 -1.1278064e+07  4.4472980e+03 
   340 : -2.2873390e+07 -8.9381754e+06  5.0938190e+03 
   341 : -4.3312754e+06  6.0306954e+06  6.2480495e+01 
   342 : -5.1593162e+06  6.0241655e+06  3.2041821e+03 
   343 : -3.7803524e+06  6.7034561e+05  2.4189056e+03 
   344 : -7.9647353e+06 -5.3327258e+06  5.3653766e+03 
   345 : -6.1610831e+06  2.4148823e+05  5.2033621e+03 
   346 : -7.3200219e+06 -6.5898328e+05  5.3733973e+03 
   347 : -6.8867022e+06 -1.7488501e+06  5.9315316e+03 
   348 : -5.2088361e+06  1.2470535e+06  5.5265490e+03 
   349 : -9.2481486e+06 -1.2032468e+06  5.2565084e+03 
   350 : -1.0013867e+07  8.4191553e+05  5.2206356e+03 
   351 :  4.9831381e+06  1.0020514e+07  4.4019880e+03 
   352 : -1.2806821e+06 -1.0689657e+07  3.8760971e+03 
   353 : -1.8704341e+07 -9.1927949e+05  2.3536179e+03 
   354 : -4.6324017e+06  3.5332282e+06  1.6059673e+03 
   355 : -8.4974599e+06  1.1076735e+07  2.5618735e+03 
   356 : -5.2826438e+06  3.4717382e+06  5.6970557e+03 
   357 : -8.6538194e+06  1.0179607e+07  1.1987701e+03 
   358 : -4.0842083e+06  7.2579875e+06  4.4861941e+01 
   359 : -4.1091200e+06  3.4473804e+06  9.8519234e+02 
   360 : -4.1788713e+06  3.6351525e+06  3.5020696e+03 
   361 : -3.9799997e+06  3.5931138e+06  2.6013378e+03 
   362 :  2.5692405e+06 -3.0846480e+07  3.5982180e+03 
   363 : -8.5590329e+06  8.6933618e+04  4.6750628e+03 
   364 : -1.3121116e+07 -1.1859146e+07  3.2382350e+03 
   365 : -5.1556025e+06  3.9300595e+06  6.8236112e+03 
   366 : -2.7611056e+07 -1.2176736e+07  5.0439380e+03 
   367 : -9.2014580e+06  1.1877521e+07  1.6098060e+03 
   368 : -3.3651419e+06 -2.0408737e+05  1.2868078e+02 
   369 :  2.6629265e+06 -1.7220803e+07  4.5183159e+03 
   370 : -2.7384868e+07 -5.5925752e+06  4.6558503e+03 
   371 : -8.1633300e+06  1.2292830e+07  0.0000000e+00 
   372 : -3.0431556e+07  1.7810002e+07  3.8587100e+03 
   373 : -3.9461571e+06  3.3388292e+06  1.3435239e+03 
   374 : -3.7549868e+06 -2.3964648e+06  4.4692617e+03 
   375 : -1.2003099e+07 -3.9252920e+07  4.1128289e+03 
   376 : -5.0189866e+06  3.0982146e+06  5.4177010e+03 
   377 : -5.2768381e+06  2.5454496e+06  5.6849526e+03 
   378 : -4.2286106e+06  4.7540826e+06  2.0655688e+03 
   379 : -8.3963117e+06 -1.4133030e+07  3.7181983e+03 
   380 : -6.6806212e+06 -3.9377493e+06  5.5622805e+03 
   381 : -7.5978236e+06  8.7225743e+06  5.1998860e+03 
   382 : -3.9539779e+06  4.2001092e+06  3.4957537e+03 
   383 : -7.3883828e+06  7.0854253e+05  5.1598917e+03 
   384 : -6.0405068e+06  1.0148121e+07  4.6795986e+03 
   385 : -6.0428195e+06  8.0714117e+06  5.1717982e+03 
   386 : -5.8408626e+06  7.2089343e+06  5.4969325e+03 
   387 : -7.1518498e+06  6.3537520e+06  4.8745072e+03 
   388 : -5.9898764e+06  6.0405972e+06  4.1716229e+03 
   389 : -7.9304673e+06  7.2917042e+06  3.7085675e+03 
   390 : -6.6384085e+06  5.6818482e+06  4.8686567e+03 
   391 : -7.3624368e+06  5.5525668e+06  1.6986267e+03 
   392 : -7.9441719e+06  6.2895444e+06  3.5948360e+03 
   393 : -5.5833067e+06  7.8460643e+06  3.6927184e+03 
   394 : -4.2836968e+06  3.8029308e+06  3.6129716e+03 
   395 : -5.2686400e+06  8.0337735e+06  4.6814658e+03 
   396 : -5.6724932e+06 -7.3783204e+06  4.6704207e+03 
   397 : -7.0310715e+06 -8.6735700e+06  4.4851466e+03 
   398 : -1.0804186e+07  1.0447048e+07  7.2902636e+01 
   399 : -5.0654957e+06  4.0190935e+06  1.6640601e+03 
   400 : -1.5158417e+07 -1.2305434e+07  4.6413189e+03 
   401 : -4.5667249e+06  3.4890213e+06  1.2415647e+03 
   402 : -4.7030076e+06  3.3760666e+06  5.0241017e+03 
   403 : -4.7059389e+06  2.8592365e+06  8.2384863e+03 
   404 : -4.8753929e+06  2.2077932e+06  5.2259385e+03 
   405 : -5.4042245e+06  1.9115382e+06  5.6787579e+03 
   406 : -4.8147942e+06  1.6966014e+06  5.4766503e+03 
   407 : -4.4505950e+06  2.9084387e+06  5.5565593e+02 
   408 : -1.0030563e+07 -1.1804994e+07  4.0654843e+03 
   409 : -3.2888240e+06  2.3102176e+06  1.0314038e+03 
   410 : -1.7505160e+06 -1.4945782e+07  3.7477648e+03 
   411 : -4.4207141e+06  3.6806827e+06  0.0000000e+00 
   412 : -4.9314064e+06  3.8235182e+06  7.8146156e+02 
   413 : -7.3949924e+07 -1.4372346e+07  4.1454980e+03 
   414 : -1.9733526e+07  6.5153209e+06  1.3803825e+03 
   415 : -2.2979918e+07  1.3575056e+06  3.8677358e+03 
   416 : -7.5519374e+06 -1.1287620e+07  4.4551330e+03 
   417 : -3.6750011e+07 -8.0225821e+06  5.1359938e+03 
   418 : -4.3682815e+06  6.4020916e+05  5.4326463e+03 
   419 : -4.0370948e+06  9.5315884e+06  4.2192068e+03 
   420 : -4.3838368e+06  5.2790870e+06  0.0000000e+00 
   421 : -4.7066435e+06  5.5369964e+06  2.9562778e+02 
   422 : -5.0723287e+06  5.2294393e+06  4.5133816e+03 
   423 :  9.4977837e+05 -1.7570576e+06  1.6709456e+03 
   424 : -2.2075530e+07 -3.9469033e+06  5.5342247e+03 
   425 : -5.1205890e+06  9.1228565e+06  4.6691526e+00 
   426 : -5.0880768e+06  4.3534906e+06  2.9164352e+02 
   427 : -5.3433354e+06  4.3037004e+06  3.1122231e+03 
   428 : -5.3704648e+06  4.7803295e+06  3.6549182e+03 
   429 : -5.2160783e+06  4.5291106e+06  1.6677181e+03 
   430 : -5.9104518e+06  4.9829568e+06  3.5123542e+03 
   431 : -3.9604347e+06  5.7911182e+06  4.7409599e+01 
   432 : -1.9117289e+07  2.1507955e+06  5.1467412e+03 
   433 : -8.1937321e+06 -1.7946864e+06  4.8695796e+03 
   434 : -5.1993647e+06  5.6656068e+06  3.5921284e+03 
   435 : -6.8845183e+06  6.9391526e+06  4.1203604e+03 
   436 :  1.9599650e+07 -6.1591635e+06  4.0568088e+03 
   437 : -6.0541112e+05 -1.7651112e+07  4.3236126e+03 
   438 : -4.1112890e+06  2.8600376e+05  3.9142952e+03 
   439 : -5.5190314e+06  5.2746145e+06  4.7818659e+03 
   440 : -5.9691873e+06  5.5357469e+06  4.9233377e+03 
   441 : -6.7985051e+06  5.0523770e+06  4.0841398e+03 
   442 : -8.1895563e+06  5.2760502e+06  5.4463864e+03 
   443 : -8.3943568e+06  4.4296541e+06  4.8886225e+03 
   444 : -8.8823208e+06  5.9674419e+06  4.7128429e+03 
   445 : -4.6340285e+06  1.3123078e+06  5.6932715e+03 
   446 : -4.5327481e+06  2.0103962e+06  5.6265566e+03 
   447 : -4.2848420e+06  1.0194747e+06  3.6815683e+03 
   448 : -4.2050388e+06  1.3607666e+06  5.4958547e+03 
   449 : -8.3241818e+06  1.9267849e+06  5.8179481e+03 
   450 : -1.0580494e+07 -2.9035881e+06  4.9607986e+03 
   451 : -9.2358355e+06 -2.1969670e+06  5.2650504e+03 
   452 :  1.4587706e+07  2.6626122e+07  4.8823885e+03 
   453 : -1.8173122e+06  1.9435309e+07  5.1551203e+03 
   454 : -9.8899971e+06 -7.5340931e+05  5.4535962e+03 
   455 :  3.7273891e+07 -6.0698883e+06  3.1249457e+03 
   456 : -2.7199937e+06  1.3038732e+07  0.0000000e+00 
   457 :  2.0049606e+06 -7.7504999e+06  4.6521379e+03 
   458 : -2.4633601e+06 -1.2546989e+07  3.2988257e+03 
   459 : -5.8556782e+06  1.2366197e+06  5.7163713e+03 
   460 : -1.1593681e+07 -2.1099138e+06  5.7275093e+03 
   461 : -4.8692323e+06  3.7348730e+06  1.1414786e+03 
   462 : -1.3207629e+07 -2.6864938e+07  3.6332621e+03 
   463 : -2.5457627e+07 -1.8720436e+07  5.1443326e+03 
   464 : -8.1361595e+06  7.8667188e+06  4.2171038e+03 
   465 : -8.5164457e+06  6.6379218e+06  2.3870424e+03 
   466 : -8.0912372e+06  6.8627048e+06  2.3475620e+03 
   467 : -1.0119962e+07  6.0351644e+06  3.6617078e+03 
   468 : -9.4263801e+06  4.8888234e+06  5.6214617e+03 
   469 : -9.2092399e+06  3.7637865e+06  3.9764914e+03 
   470 : -8.3247903e+06  3.5821453e+06  5.8162844e+03 
   471 : -7.6627979e+06  4.2080588e+06  5.8667935e+03 
   472 : -9.4152644e+06  2.7265469e+06  4.5017610e+03 
   473 : -8.5145583e+06  7.2180557e+06  2.7786058e+03 
   474 : -7.5475092e+06  6.9625922e+06  4.7665424e+03 
   475 :  3.7499655e+06 -4.5064176e+07  5.0855324e+03 
   476 : -4.0097847e+06  4.5102553e+06  3.0439765e+03 
   477 : -4.8104084e+06  2.5898922e+06  4.9984281e+03 
   478 : -3.7011705e+06  5.4572533e+06  6.8746623e+01 
   479 : -1.3518783e+07 -9.3901332e+06  1.0519817e+03 
   480 : -1.4095144e+07 -8.0843140e+06  2.1667486e+03 
   481 : -5.1486489e+06  3.6302071e+06  5.6852737e+03 
   482 : -4.9691739e+06  3.6609976e+06  3.9715148e+03 
   483 : -5.0863996e+06  3.7927090e+06  6.8956180e+03 
   484 : -5.0471152e+06  3.4789734e+06  5.3638094e+03 
   485 : -1.0800806e+07  2.0846039e+06  4.4317419e+03 
   486 : -3.6180878e+06  8.4922836e+06  2.7824915e+03 
   487 : -3.4214485e+05 -3.6425827e+07  4.8158693e+03 
   488 : -4.5162689e+06  7.6641182e+06  3.6671070e+03 
   489 : -5.0188571e+06  8.7740499e+05  6.3182687e+03 
   490 : -4.5936226e+06  8.7802279e+05  5.6488132e+03 
   491 : -4.8035290e+06  4.8828302e+05  4.4861174e+03 
   492 : -4.5129815e+06  1.6982806e+05  4.2554026e+03 
   493 : -3.7522125e+06 -1.5360100e+04  3.7821296e+03 
   494 : -6.3473291e+06  4.6851804e+06  4.4756781e+03 
   495 : -7.0813608e+06 -6.8639716e+06  4.8932698e+03 
   496 : -5.9176525e+06 -5.7544327e+06  4.7650219e+03 
   497 : -6.6233783e+06 -1.6056307e+07  3.0889806e+03 
   498 : -4.2570568e+06 -1.4468742e+07  3.4815589e+03 
   499 : -5.3467446e+06 -4.2583136e+06  5.2065831e+03 
   500 : -1.1545233e+07 -9.8966168e+06  3.5732424e+03 
   501 : -1.0328510e+07  7.1099300e+06  4.2275110e+03 
   502 : -4.0904020e+07  4.2536784e+06  5.2924991e+03 
   503 : -5.5147559e+06  7.9210359e+05  5.8077864e+03 
   504 : -5.2764601e+06  4.5747992e+05  5.4793757e+03 
   505 : -4.2074866e+06  2.9145748e+06  3.1945587e+03 
   506 : -4.1588642e+06  3.1900838e+06  5.9922123e+01 
   507 : -6.6097632e+06  1.3506222e+06  5.6701931e+03 
   508 : -5.5964692e+06  2.8613271e+06  5.7664683e+03 
   509 : -4.3256836e+06 -3.4742224e+05  2.8855331e+03 
   510 : -5.9620901e+06  3.4647179e+07  3.6000360e+03 
   511 : -6.5370472e+06  1.3998726e+07  5.0204524e+03 
   512 : -4.8218677e+06  6.0419486e+06  2.9033496e+02 
   513 : -4.2634736e+06  5.5847216e+06  1.3834544e+02 
   514 : -1.0665229e+07  4.8861093e+06  3.4367033e+03 
   515 : -1.1576155e+07  5.5525940e+06  2.8254971e+03 
   516 : -1.2136314e+07  4.1639238e+06  3.1857305e+03 
   517 :  3.4241723e+07  1.2763181e+07  3.5185623e+03 
   518 : -4.0769709e+06  6.4841228e+06  5.3027009e+01 
   519 : -7.5113451e+06  1.1253202e+07  4.8476330e+03 
   520 : -7.8749304e+06  1.0609374e+07  2.0063488e+03 
   521 : -7.7340698e+06  9.7154812e+06  0.0000000e+00 
   522 : -1.2751887e+07 -8.2877664e+06  4.8680986e+03 
   523 : -1.2853216e+07 -1.0627108e+07  2.3805706e+03 
   524 : -9.3158112e+06 -9.4225739e+06  4.4236520e+03 
   525 : -1.1823425e+07 -1.1781316e+07  3.4896327e+03 
   526 : -1.4418266e+07 -1.0601518e+07  4.3306464e+03 
   527 : -4.1198981e+06  7.7765097e+06  1.5841213e+03 
   528 : -4.0925179e+06  7.8223262e+05  3.2066713e+03 
   529 : -4.2032830e+06  4.0513101e+06  3.2641073e+03 
   530 : -5.4180714e+06  5.9339419e+06  2.2953975e+03 
   531 : -5.6341173e+06  6.4549255e+06  5.9531130e+03 
   532 : -5.5408167e+06  5.6615602e+06  5.1443987e+03 
   533 : -5.6806748e+06  5.8903232e+06  4.6909392e+03 
   534 : -5.2906541e+06  6.1467208e+06  2.9408177e+03 
   535 : -4.8945547e+06  4.9756658e+06  2.7254080e+03 
   536 : -5.1073503e+06  4.8571732e+06  4.0696149e+03 
   537 : -5.3053647e+06  5.0419774e+06  3.8124387e+03 
   538 : -7.8864073e+06  2.8489696e+06  5.4890645e+03 
   539 : -9.4919613e+06  1.0648496e+07  1.1341497e+03 
   540 : -6.2523993e+06  2.2326341e+06  4.2240461e+03 
   541 : -5.9192674e+06  2.4092859e+06  4.2398559e+03 
   542 : -3.6862900e+06  2.0903478e+06  1.0472514e+03 
   543 :  4.8109790e+06 -2.1364391e+07  4.3181888e+03 
   544 : -9.6954380e+06 -2.7571673e+06  5.3088583e+03 
   545 : -9.8045730e+06 -3.9374741e+06  5.2682626e+03 
   546 : -1.0245128e+07 -1.9313093e+06  5.1686271e+03 
   547 : -1.0862389e+07 -9.0821820e+05  5.8536202e+03 
   548 : -5.1860742e+06  4.3372005e+06  1.2540667e+03 
   549 : -5.1955238e+06  4.2371759e+06  4.5133798e+03 
   550 : -6.0251678e+06 -1.2838360e+07  4.1801124e+03 
   551 : -7.0095022e+06  4.4394214e+06  5.8397204e+03 
   552 : -8.7161366e+06 -7.1490759e+06  5.0871824e+03 
   553 : -6.3725030e+06  6.4852461e+06  5.8556122e+03 
   554 : -6.6058031e+06  2.2072186e+06  5.8598435e+03 
   555 : -5.5633728e+06  4.9132770e+06  3.5624345e+03 
   556 : -4.1520703e+06  1.0959371e+07  1.2438455e+02 
   557 : -5.2829899e+06 -8.3745966e+06  4.2949401e+03 
   558 : -4.4920515e+06 -6.4990932e+06  4.3073364e+03 
   559 : -1.5811709e+07 -7.7586656e+06  4.0277743e+03 
   560 : -5.5900424e+06  6.1105896e+06  3.2429574e+03 
   561 : -7.2056032e+06 -2.6845813e+06  5.1699942e+03 
   562 : -4.5365420e+06  2.6261520e+06  4.5076943e+02 
   563 : -4.4241362e+06  2.4157210e+06  2.8595860e+03 
   564 : -4.5953413e+06  2.3297315e+06  7.1365804e+03 
   565 : -4.2590230e+06  2.0326649e+06  2.2622433e+02 
   566 : -4.2061574e+06  2.3340841e+06  2.3976101e+03 
   567 : -4.3604967e+06  1.6723476e+06  6.4876055e+03 
   568 : -2.9084744e+07  1.0038794e+07  4.9059214e+03 
   569 : -8.4674413e+06  8.8641254e+06  3.7370516e+03 
   570 : -4.3132920e+06 -7.6117109e+06  3.8183485e+03 
   571 : -1.6673325e+07 -9.8942832e+06  2.2638125e+03 
   572 : -1.8811339e+07 -7.2518041e+06  4.9932440e+03 
   573 : -1.7088557e+07 -4.2903870e+06  5.3596833e+03 
Number of elements 912 
     0 :    129    273    330 
     1 :     81    320     83 
     2 :    412    482    461 
     3 :     67    478     68 
     4 :    214    215    216 
     5 :    150    548    549 
     6 :    119    327    372 
     7 :     77    245     78 
     8 :    350    472    485 
     9 :    276    278    417 
    10 :    318    345    346 
    11 :    310    312    462 
    12 :    150    207    151 
    13 :    248    472    449 
    14 :    254    321    499 
    15 :    294    342    512 
    16 :    308    310    462 
    17 :    479    500    522 
    18 :    162    284    378 
    19 :    305    307    306 
    20 :    128    210    273 
    21 :    342    530    434 
    22 :    267    449    383 
    23 :    308    307    309 
    24 :    349    363    454 
    25 :    306    314    362 
    26 :    287    465    473 
    27 :     84    322    565 
    28 :    160    283    161 
    29 :    295    515    467 
    30 :    293    512    341 
    31 :    254    374    321 
    32 :    497    498    550 
    33 :    283    304    394 
    34 :      4    475    332 
    35 :    450    544    546 
    36 :    257    482    258 
    37 :    246    551    471 
    38 :    342    434    512 
    39 :    286    287    473 
    40 :    181    238    182 
    41 :     75    373     76 
    42 :    307    308    306 
    43 :    228    241    414 
    44 :    282    471    551 
    45 :    265    269    268 
    46 :    259    330    326 
    47 :    379    497    550 
    48 :    118    327    119 
    49 :    350    449    472 
    50 :    159    304    283 
    51 :    376    477    403 
    52 :    341    421    513 
    53 :    277    462    337 
    54 :    187    359    360 
    55 :    359    361    360 
    56 :    427    549    548 
    57 :     84    542    322 
    58 :     13    429    148 
    59 :    418    491    492 
    60 :    443    470    471 
    61 :    234    541    508 
    62 :    299    514    516 
    63 :    290    440    390 
    64 :     80    409    320 
    65 :    321    347    561 
    66 :    225    251    374 
    67 :    410    458    498 
    68 :     46    288     47 
    69 :    335    352    458 
    70 :     66     64     67 
    71 :    219    422    535 
    72 :     91    296    272 
    73 :    235    505    323 
    74 :    132    367    133 
    75 :    131    142    398 
    76 :    308    462    314 
    77 :    126    224    127 
    78 :    276    417    328 
    79 :    396    570    558 
    80 :    292    455    436 
    81 :    133    453    134 
    82 :    152    256    153 
    83 :    222    306    362 
    84 :     94    243     95 
    85 :    156    354    157 
    86 :    228    298    415 
    87 :    228    415    241 
    88 :    182    280    183 
    89 :    233    551    246 
    90 :      3    335    111 
    91 :    213    427    215 
    92 :    101    225    102 
    93 :    121    292    333 
    94 :    353    415    424 
    95 :    277    375    462 
    96 :    291    380    561 
    97 :     64    478     67 
    98 :    155    257    236 
    99 :    297    372    327 
   100 :    311    497    379 
   101 :    251    321    374 
   102 :    161    284    162 
   103 :    122    332    123 
   104 :    268    269    274 
   105 :    392    466    465 
   106 :    262    264    485 
   107 :     79    409     80 
   108 :    211    393    386 
   109 :    345    504    503 
   110 :    235    323    566 
   111 :    346    433    347 
   112 :    313    364    400 
   113 :    376    377    477 
   114 :     60    358     61 
   115 :     85    448     86 
   116 :    158    304    159 
   117 :    213    549    427 
   118 :    152    399    256 
   119 :    315    410    498 
   120 :    263    353    265 
   121 :    338    340    366 
   122 :     74    361     75 
   123 :    222    305    306 
   124 :    312    337    462 
   125 :    108    436    109 
   126 :    210    228    414 
   127 :    408    524    500 
   128 :    341    512    421 
   129 :    396    558    496 
   130 :    234    508    331 
   131 :    247    449    267 
   132 :    387    390    553 
   133 :    290    430    440 
   134 :    443    468    469 
   135 :     77    192    245 
   136 :    251    318    321 
   137 :    299    472    469 
   138 :     69    378     70 
   139 :     78    409     79 
   140 :    325    338    337 
   141 :    325    339    338 
   142 :    389    473    466 
   143 :    335    458    410 
   144 :    347    433    561 
   145 :    138    286    139 
   146 :    241    432    326 
   147 :    277    230    375 
   148 :     65     64     66 
   149 :    258    376    402 
   150 :    139    286    569 
   151 :    338    339    340 
   152 :    269    559    480 
   153 :    151    212    399 
   154 :    121    333    122 
   155 :    309    311    310 
   156 :    314    375    487 
   157 :    103    374    254 
   158 :     69    163    378 
   159 :     62    431     63 
   160 :    121    455    292 
   161 :      4    117    362 
   162 :    208    402    376 
   163 :    391    392    442 
   164 :    339    572    340 
   165 :     62    341    431 
   166 :    232    335    410 
   167 :    350    454    363 
   168 :    191    235    271 
   169 :    153    256    412 
   170 :    276    230    277 
   171 :      6    134    303 
   172 :    248    538    470 
   173 :    392    444    442 
   174 :    251    317    318 
   175 :    265    573    269 
   176 :    277    463    278 
   177 :    264    350    485 
   178 :    154    461    155 
   179 :    287    467    444 
   180 :      5    125    413 
   181 :    387    391    390 
   182 :    424    572    573 
   183 :    266    459    405 
   184 :    113    255    114 
   185 :    397    524    416 
   186 :    291    344    380 
   187 :    287    444    465 
   188 :    151    399    152 
   189 :    293    294    512 
   190 :    349    454    546 
   191 :    255    369    305 
   192 :    421    434    422 
   193 :     27    402    208 
   194 :    155    236    156 
   195 :    183    425    281 
   196 :    314    462    375 
   197 :     52    351     54 
   198 :    264    265    460 
   199 :    185    208    407 
   200 :     98    296    423 
   201 :    421    512    434 
   202 :    334    425    252 
   203 :    314    487    362 
   204 :     90    368    101 
   205 :    159    283    160 
   206 :    375    475    487 
   207 :    315    437    410 
   208 :    408    416    524 
   209 :    151    207    212 
   210 :     59    486     60 
   211 :    289    475    375 
   212 :    317    345    318 
   213 :    309    315    497 
   214 :    258    484    376 
   215 :    155    461    257 
   216 :     78    245    409 
   217 :      4    333    292 
   218 :    379    416    408 
   219 :    345    503    459 
   220 :    270    479    480 
   221 :    277    337    463 
   222 :    377    404    477 
   223 :    324    564    446 
   224 :     63    431    478 
   225 :    524    397    552 
   226 :    279    458    352 
   227 :    263    432    353 
   228 :     25    239    180 
   229 :    274    269    275 
   230 :    276    328    413 
   231 :    118    328    327 
   232 :     92    109    436 
   233 :    312    313    325 
   234 :    217    234    331 
   235 :    164    219    535 
   236 :    313    400    325 
   237 :    127    224    210 
   238 :    120    517    121 
   239 :    297    327    502 
   240 :    289    375    230 
   241 :    489    503    504 
   242 :    420    513    421 
   243 :    428    537    555 
   244 :    422    434    439 
   245 :    313    379    408 
   246 :    284    476    378 
   247 :    233    246    234 
   248 :    116    222    117 
   249 :    340    572    424 
   250 :    387    474    392 
   251 :    334    329    527 
   252 :    301    498    458 
   253 :    307    305    437 
   254 :    223    428    555 
   255 :    291    545    344 
   256 :    345    383    346 
   257 :    324    566    563 
   258 :    344    496    380 
   259 :    298    417    370 
   260 :    363    383    449 
   261 :     60    486    527 
   262 :    313    525    364 
   263 :    315    498    497 
   264 :    261    326    263 
   265 :    442    468    443 
   266 :    396    495    397 
   267 :    241    326    414 
   268 :     98    272    296 
   269 :    234    554    541 
   270 :    104    254    231 
   271 :    443    469    470 
   272 :    353    424    573 
   273 :    243    453    302 
   274 :    386    435    553 
   275 :    297    298    568 
   276 :    186    506    359 
   277 :    312    325    337 
   278 :    350    363    449 
   279 :    280    252    425 
   280 :    156    236    354 
   281 :    259    261    260 
   282 :    355    367    539 
   283 :      9    144    240 
   284 :    297    502    298 
   285 :    208    403    407 
   286 :    317    504    345 
   287 :    343    438    493 
   288 :    213    215    214 
   289 :    349    451    433 
   290 :    208    376    403 
   291 :    183    280    425 
   292 :    323    505    407 
   293 :    131    398    132 
   294 :    317    492    491 
   295 :    308    314    306 
   296 :    388    390    440 
   297 :    291    433    451 
   298 :    137    227    138 
   299 :    123    332    289 
   300 :    282    391    442 
   301 :    334    527    486 
   302 :     71    382     72 
   303 :    293    341    518 
   304 :    299    485    472 
   305 :    263    326    432 
   306 :    323    563    566 
   307 :    244    389    474 
   308 :    263    265    264 
   309 :    111    232    112 
   310 :     62    518    341 
   311 :    320    409    542 
   312 :    308    309    310 
   313 :    300    397    416 
   314 :     94    517    452 
   315 :    107    279    352 
   316 :    404    405    406 
   317 :      4    362    487 
   318 :    249    360    361 
   319 :    345    459    507 
   320 :    154    412    461 
   321 :    266    405    541 
   322 :    110    272    457 
   323 :    255    305    543 
   324 :    279    300    301 
   325 :    210    224    228 
   326 :    148    429    426 
   327 :    153    412    154 
   328 :    489    504    491 
   329 :     43    316     44 
   330 :    117    222    362 
   331 :    274    344    545 
   332 :    341    513    431 
   333 :    228    568    298 
   334 :    271    235    322 
   335 :     70    476     71 
   336 :     69    420    163 
   337 :    232    410    437 
   338 :    271    542    409 
   339 :    278    366    417 
   340 :     74    249    361 
   341 :    119    510    120 
   342 :    311    379    313 
   343 :    321    380    499 
   344 :    283    394    529 
   345 :    376    508    377 
   346 :    279    301    458 
   347 :    267    383    507 
   348 :     63    478     64 
   349 :    380    496    499 
   350 :    348    489    445 
   351 :      1    100    316 
   352 :     29     76    373 
   353 :    299    468    514 
   354 :    229    356    481 
   355 :    236    402    354 
   356 :    307    437    315 
   357 :    219    421    422 
   358 :    231    254    499 
   359 :     92    436     93 
   360 :    445    447    448 
   361 :    559    572    571 
   362 :    265    268    460 
   363 :    274    552    344 
   364 :    275    269    522 
   365 :     37    201    358 
   366 :    125    276    413 
   367 :    286    227    287 
   368 :    161    283    284 
   369 :      8    259    209 
   370 :     57    419     58 
   371 :    243    452    453 
   372 :    101    250    225 
   373 :    467    514    468 
   374 :    217    233    234 
   375 :    340    370    366 
   376 :    111    335    232 
   377 :    451    546    544 
   378 :     58    486     59 
   379 :      3    457     96 
   380 :    430    439    440 
   381 :    265    353    573 
   382 :    133    367    371 
   383 :    235    566    322 
   384 :    340    424    370 
   385 :    346    383    363 
   386 :    404    406    446 
   387 :    279    218    300 
   388 :    427    548    429 
   389 :    144    281    556 
   390 :     72    382     73 
   391 :    103    254    104 
   392 :    266    507    459 
   393 :    348    406    405 
   394 :    524    552    275 
   395 :    262    263    264 
   396 :     94    319    517 
   397 :    348    405    459 
   398 :    318    346    347 
   399 :     29    505    235 
   400 :    287    501    467 
   401 :    244    435    386 
   402 :    269    480    522 
   403 :    396    496    495 
   404 :    125    230    276 
   405 :    349    546    451 
   406 :    445    489    490 
   407 :    246    538    247 
   408 :    234    246    247 
   409 :    318    347    321 
   410 :    257    461    482 
   411 :    295    467    501 
   412 :     70    378    476 
   413 :    124    289    230 
   414 :    331    508    376 
   415 :    262    485    299 
   416 :    298    502    417 
   417 :    388    553    390 
   418 :    324    563    564 
   419 :    243    302    351 
   420 :     47    288    296 
   421 :    107    218    279 
   422 :    450    545    544 
   423 :     89    343    493 
   424 :    396    397    557 
   425 :    133    511    453 
   426 :    353    432    415 
   427 :     57    556    419 
   428 :    397    495    552 
   429 :    465    466    473 
   430 :    294    386    531 
   431 :    260    516    515 
   432 :    209    259    260 
   433 :     94    452    243 
   434 :    377    405    404 
   435 :    285    478    431 
   436 :    339    571    572 
   437 :    219    420    421 
   438 :    489    491    490 
   439 :    247    267    554 
   440 :     44    316    288 
   441 :    305    369    437 
   442 :    530    560    533 
   443 :    140    569    521 
   444 :    388    560    531 
   445 :    334    419    425 
   446 :    217    223    233 
   447 :    183    281    384 
   448 :    385    386    393 
   449 :    124    230    125 
   450 :    123    289    124 
   451 :    403    477    562 
   452 :    236    258    402 
   453 :    223    429    428 
   454 :    216    217    229 
   455 :    274    275    552 
   456 :    244    464    389 
   457 :    112    232    369 
   458 :    231    499    496 
   459 :    251    509    317 
   460 :    211    386    336 
   461 :    143    169    384 
   462 :     60    527    358 
   463 :    278    463    366 
   464 :    271    322    542 
   465 :    350    547    454 
   466 :    246    471    470 
   467 :    302    453    456 
   468 :    408    500    525 
   469 :      3    110    457 
   470 :    120    452    517 
   471 :    275    500    524 
   472 :    313    408    525 
   473 :     71    476    382 
   474 :    310    311    312 
   475 :    273    210    414 
   476 :    275    522    500 
   477 :    222    543    305 
   478 :     37    336    226 
   479 :     93    319     94 
   480 :    404    564    477 
   481 :    273    414    326 
   482 :    134    453    510 
   483 :    422    439    537 
   484 :    438    509    493 
   485 :     68    285     69 
   486 :    236    257    258 
   487 :     69    285    420 
   488 :    428    536    537 
   489 :    452    510    453 
   490 :    288    423    296 
   491 :     44    288     45 
   492 :     84    320    542 
   493 :    249    394    360 
   494 :    266    540    554 
   495 :    209    260    515 
   496 :     56    456     57 
   497 :    232    437    369 
   498 :    309    307    315 
   499 :    323    407    562 
   500 :      4    487    475 
   501 :    113    369    255 
   502 :    345    507    383 
   503 :    284    529    382 
   504 :    262    299    516 
   505 :    377    541    405 
   506 :    328    417    502 
   507 :    224    568    228 
   508 :    366    370    417 
   509 :    294    336    386 
   510 :    218    557    300 
   511 :    281    425    419 
   512 :    231    496    558 
   513 :    225    250    251 
   514 :    286    473    464 
   515 :    390    391    441 
   516 :    106    218    107 
   517 :     29    373    506 
   518 :     68    478    285 
   519 :     58    419    486 
   520 :    261    263    262 
   521 :    348    503    489 
   522 :    481    484    482 
   523 :    185    506    186 
   524 :    177    329    178 
   525 :    287    227    501 
   526 :    241    415    432 
   527 :    118    413    328 
   528 :    157    354    401 
   529 :    317    491    504 
   530 :    266    541    540 
   531 :    221    447    528 
   532 :    355    357    520 
   533 :    319    436    455 
   534 :     93    436    319 
   535 :    311    313    312 
   536 :    246    470    538 
   537 :    284    382    476 
   538 :    317    509    492 
   539 :    119    372    303 
   540 :    337    338    463 
   541 :    325    400    339 
   542 :    291    451    544 
   543 :    119    303    510 
   544 :    209    515    295 
   545 :    300    557    397 
   546 :    430    555    439 
   547 :     54    302     55 
   548 :    267    507    554 
   549 :    523    525    500 
   550 :     87    221    343 
   551 :    434    532    439 
   552 :    359    373    361 
   553 :    271    409    245 
   554 :    106    570    218 
   555 :    450    546    460 
   556 :    300    416    550 
   557 :    207    213    212 
   558 :    299    469    468 
   559 :    359    506    373 
   560 :    221    528    343 
   561 :    223    427    429 
   562 :    281    419    556 
   563 :    289    332    475 
   564 :    439    532    440 
   565 :    404    446    564 
   566 :    379    550    416 
   567 :    136    295    137 
   568 :    187    360    188 
   569 :    440    532    533 
   570 :    218    570    557 
   571 :    291    544    545 
   572 :    112    369    113 
   573 :    226    336    294 
   574 :    444    467    468 
   575 :    217    356    229 
   576 :     23    385    393 
   577 :    212    213    214 
   578 :    115    543    116 
   579 :    428    429    536 
   580 :    215    427    223 
   581 :    526    270    571 
   582 :      4    332    333 
   583 :    132    539    367 
   584 :     97    272     98 
   585 :    266    554    507 
   586 :     55    302     56 
   587 :    105    231    558 
   588 :    300    550    301 
   589 :     84    565    567 
   590 :    248    449    538 
   591 :     96    457     97 
   592 :    100    423    316 
   593 :    237    519    520 
   594 :    355    519    371 
   595 :    285    431    513 
   596 :    200    226    201 
   597 :    259    326    261 
   598 :    104    231    105 
   599 :    403    562    407 
   600 :    250    509    251 
   601 :    223    494    233 
   602 :    301    550    498 
   603 :    134    510    303 
   604 :     57    456    556 
   605 :    274    545    268 
   606 :    258    482    484 
   607 :    261    262    516 
   608 :    338    366    463 
   609 :    270    559    571 
   610 :     54    351    302 
   611 :    223    555    430 
   612 :    137    501    227 
   613 :    169    237    242 
   614 :    163    219    164 
   615 :    101    368    250 
   616 :     95    243    351 
   617 :    334    486    419 
   618 :    143    281    144 
   619 :     99    423    100 
   620 :    344    495    496 
   621 :    138    227    286 
   622 :    441    551    494 
   623 :    442    444    468 
   624 :    178    329    334 
   625 :     89    368     90 
   626 :    114    255    115 
   627 :     98    423     99 
   628 :    141    539    398 
   629 :    386    553    531 
   630 :    324    565    566 
   631 :    169    242    384 
   632 :      5    413    118 
   633 :    387    435    474 
   634 :    264    547    350 
   635 :    445    490    447 
   636 :    283    529    284 
   637 :    290    390    441 
   638 :    290    494    430 
   639 :    348    459    503 
   640 :    356    376    484 
   641 :    288    316    423 
   642 :    285    513    420 
   643 :    388    531    553 
   644 :    163    420    219 
   645 :     23    393    395 
   646 :    260    261    516 
   647 :    426    429    548 
   648 :    329    488    527 
   649 :    388    440    533 
   650 :     61    358    201 
   651 :     13    536    429 
   652 :    286    464    569 
   653 :     29    506    505 
   654 :    396    557    570 
   655 :    239    521    381 
   656 :    377    508    541 
   657 :    322    566    565 
   658 :     37    527    488 
   659 :    244    386    385 
   660 :    290    441    494 
   661 :     27    401    402 
   662 :     17    371    519 
   663 :    348    445    406 
   664 :     13    535    536 
   665 :    234    247    554 
   666 :    120    510    452 
   667 :    270    526    479 
   668 :     73    382    249 
   669 :    116    543    222 
   670 :    247    538    449 
   671 :    217    331    356 
   672 :    188    360    394 
   673 :    168    519    237 
   674 :    102    225    374 
   675 :    237    520    521 
   676 :    176    211    177 
   677 :    264    460    547 
   678 :    249    529    394 
   679 :    226    294    293 
   680 :    244    474    435 
   681 :    339    400    571 
   682 :    523    479    526 
   683 :    479    522    480 
   684 :    253    456    453 
   685 :    238    244    385 
   686 :    140    521    357 
   687 :    253    453    511 
   688 :    520    357    521 
   689 :    233    494    551 
   690 :    454    547    546 
   691 :    211    395    393 
   692 :     23    280    385 
   693 :    115    255    543 
   694 :    327    328    502 
   695 :    439    555    537 
   696 :     75    361    373 
   697 :    250    493    509 
   698 :    323    562    563 
   699 :    355    539    357 
   700 :     97    457    272 
   701 :     48    296     91 
   702 :    127    210    128 
   703 :    207    549    213 
   704 :    250    368    493 
   705 :    297    568    372 
   706 :    150    426    548 
   707 :    191    271    245 
   708 :    392    474    466 
   709 :     25    183    242 
   710 :    344    552    495 
   711 :    239    242    521 
   712 :    388    533    560 
   713 :    180    239    220 
   714 :    214    216    229 
   715 :    244    381    464 
   716 :      6    303    372 
   717 :    418    490    491 
   718 :     37    358    527 
   719 :    387    553    435 
   720 :    331    376    356 
   721 :    188    394    411 
   722 :    523    526    364 
   723 :    240    556    456 
   724 :    526    571    400 
   725 :    530    533    532 
   726 :    140    357    141 
   727 :    434    530    532 
   728 :    418    447    490 
   729 :    201    226    293 
   730 :    220    239    381 
   731 :      1    316     43 
   732 :    355    371    367 
   733 :    177    488    329 
   734 :    148    426    149 
   735 :     23    395    175 
   736 :    223    430    494 
   737 :    183    384    242 
   738 :    249    382    529 
   739 :    354    402    401 
   740 :    220    244    238 
   741 :    304    411    394 
   742 :    521    569    381 
   743 :     37    488    336 
   744 :    256    399    365 
   745 :    364    526    400 
   746 :    270    480    559 
   747 :    268    545    450 
   748 :    220    381    244 
   749 :    221    448    447 
   750 :      6    372    224 
   751 :    481    482    483 
   752 :    137    295    501 
   753 :     86    448    221 
   754 :    132    398    539 
   755 :    212    365    399 
   756 :    237    521    242 
   757 :    121    517    455 
   758 :    157    189    411 
   759 :    381    569    464 
   760 :    143    384    281 
   761 :    280    238    385 
   762 :    157    411    158 
   763 :     45    288     46 
   764 :     47    296     48 
   765 :    229    481    483 
   766 :      8    209    136 
   767 :    188    411    189 
   768 :     56    302    456 
   769 :    212    214    365 
   770 :    389    464    473 
   771 :     73    249     74 
   772 :    406    567    446 
   773 :    136    209    295 
   774 :    412    483    482 
   775 :    149    426    150 
   776 :    460    546    547 
   777 :    181    220    238 
   778 :    177    336    488 
   779 :    144    556    240 
   780 :    158    411    304 
   781 :    224    372    568 
   782 :    319    455    517 
   783 :    176    395    211 
   784 :     89    493    368 
   785 :      6    224    126 
   786 :    256    483    412 
   787 :    356    484    481 
   788 :    523    364    525 
   789 :      9    511     17 
   790 :    389    466    474 
   791 :    191    245    192 
   792 :    446    567    565 
   793 :    406    445    567 
   794 :    177    211    336 
   795 :    324    446    565 
   796 :    445    448    567 
   797 :      9    240    253 
   798 :     86    221     87 
   799 :    268    450    460 
   800 :    214    229    365 
   801 :    133    371    511 
   802 :    175    395    176 
   803 :    141    357    539 
   804 :    229    483    365 
   805 :    182    238    280 
   806 :     17    511    371 
   807 :    240    456    253 
   808 :    256    365    483 
   809 :    168    237    169 
   810 :      9    253    511 
   811 :    122    333    332 
   812 :     25    242    239 
   813 :    180    220    181 
   814 :     91      2     49 
   815 :     51     50      2 
   816 :     52     54     53 
   817 :    110      3    111 
   818 :      2     95     51 
   819 :     83     82     81 
   820 :    109    272    110 
   821 :     29    235    191 
   822 :     83    320     84 
   823 :    129    330    130 
   824 :     17    519    168 
   825 :      3    107    352 
   826 :    186    359    187 
   827 :    141    398    142 
   828 :    102    374    103 
   829 :    162    378    163 
   830 :    157    401    189 
   831 :     27    189    401 
   832 :     61    518     62 
   833 :     27    208    185 
   834 :     91     49     48 
   835 :      2     50     49 
   836 :     80    320     81 
   837 :    479    523    500 
   838 :    418    528    447 
   839 :      1     90    101 
   840 :    142    131    130 
   841 :    101    100      1 
   842 :    178    334    252 
   843 :    128    273    129 
   844 :     23    252    280 
   845 :    276    277    278 
   846 :     37    226    200 
   847 :     23    178    252 
   848 :      4    292    108 
   849 :    355    520    519 
   850 :      8    330    259 
   851 :    273    326    330 
   852 :      3    352    335 
   853 :    387    392    391 
   854 :    108    292    436 
   855 :    282    442    443 
   856 :    392    465    444 
   857 :    282    443    471 
   858 :    418    492    438 
   859 :    309    497    311 
   860 :    438    492    509 
   861 :    467    515    514 
   862 :    514    515    516 
   863 :    294    534    342 
   864 :    342    534    530 
   865 :     13    164    535 
   866 :    150    549    207 
   867 :    540    541    554 
   868 :    291    561    433 
   869 :    321    561    380 
   870 :    139    569    140 
   871 :     85     84    567 
   872 :    567    448     85 
   873 :    223    217    216 
   874 :    216    215    223 
   875 :    573    572    559 
   876 :    559    269    573 
   877 :     52     51     95 
   878 :     95    351     52 
   879 :      9     17    169 
   880 :    169    143      9 
   881 :    272    109     92 
   882 :     92     91    272 
   883 :    570    106    105 
   884 :    105    558    570 
   885 :    433    346    363 
   886 :    363    349    433 
   887 :    438    343    528 
   888 :    528    418    438 
   889 :    562    477    564 
   890 :    564    563    562 
   891 :      8    142    130 
   892 :    130    330      8 
   893 :    343     89     88 
   894 :     88     87    343 
   895 :    185    407    505 
   896 :    505    506    185 
   897 :    415    298    370 
   898 :    370    424    415 
   899 :    422    537    536 
   900 :    536    535    422 
   901 :    518     61    201 
   902 :    201    293    518 
   903 :    248    470    469 
   904 :    469    472    248 
   905 :    560    530    534 
   906 :    282    551    441 
   907 :    441    391    282 
   908 :    192     77     76 
   909 :     76     29    192 
   910 :    531    560    534 
   911 :    534    294    531 
